4281856
4216960
51172112
4281923
4282512
4215632
51654192
4282545
4215952
51664928
4282561
4282580
4283056
4283086
4283109
4215136
101316144
4283118
4282593
4282605
4282637
4283008
4283168
4283216
4283520
4283253
4283261
4283295
4283552
4283648
4283593
4283616
4283606
4283308
4283323
4216992
51654272
51654294
51654299
51654342
50964976
51030816
50966288
101294304
51030841
51030846
4283340
4215712
51654144
4283352
4217168
51654224
4283365
4216000
51654176
4283374
4283386
4216016
51655056
51655069
51655080
50978304
101432016
4283403
4283481
4215504
51654240
4283494
4283205
4283045
4282654
4282659
4281949
4281954
4282704
4284784
4215264
51655152
51655189
51655368
51655219
51655312
50971808
51654272
51654294
51654299
51654342
50964976
51030816
50966288
101294304
51030841
51030846
51655327
51655343
51655363
51655280
51655290
50978304
101432016
51655301
51655229
51655259
4284861
4282737
4281970
4281975
4215328
51656128
51656160
4281987
4215984
51172144
4281999
4290336
4290529
4215424
16922448
16922474
16922512
16804336
101198096
16922527
16922539
16921920
16803392
101199456
16921989
16921999
16924384
16924624
16803392
101199456
16924650
16924663
16924683
16925024
16924708
16850560
16845776
16803808
101301008
16845803
16845811
16850573
16850578
16924721
16924733
16932672
16932686
16932694
16932705
16932732
16932720
16932732
16932739
16924781
16921888
16921898
16924811
16924849
16925240
16925265
16925432
16925161
16925173
16925194
16804048
101294304
16925199
16925213
16924920
16924940
16922022
16922259
16803984
101232288
16922278
16922100
16922120
16922553
16922561
4290549
4290562
4217008
16850880
16850891
4290570
4359936
4359948
4359956
4359976
4290580
4290588
4291664
4217040
51030048
51030059
51030120
51030125
51030135
51030091
4291676
4291684
4779088
4216704
51656736
51656776
51656976
51656796
51656801
51656819
50971808
51654272
51654294
51654299
51654342
50964976
51030816
50966288
101294304
51030841
51030846
51656832
51656992
51656860
51656870
4779165
4291696
4215744
100953568
100953596
100953618
100952960
100952977
100952998
100953046
100953051
100953168
100953106
100953639
100953648
100953703
4291722
4215360
51030304
51030336
4291734
4290610
4290627
4290638
4291194
4282008
4282021
4282172
4358256
4282184
4282189
4292736
4358880
4358905
4292764
4292773
4215728
16850624
16850608
16921568
16921621
16921724
16922976
16804272
101902640
101902699
101902708
101902717
101902728
101902750
101902766
101261648
101261712
101243744
101243800
101243850
101243866
101261732
